[-0.14026 -0.13966  1.05762  0.0865  -0.32916 -0.3939 ]
[ 0.21452  0.43974  2.05853 -0.43466  0.47713 -2.69285]
[-0.20744 -0.17015  1.14499 -0.0942  -0.58432 -1.16182]
[-0.11964 -0.25288  1.20165 -0.16767 -0.65982 -1.14397]
[-0.12043 -0.24127  1.18689 -0.10853 -0.20589 -1.37921]
[-0.21431 -0.28622  1.19984  0.83987 -0.08233 -1.48188]
[-0.19212 -0.318    1.24242  0.83068 -0.04463 -1.45266]
[-0.1984  -0.29893  1.19766  0.89296  0.14608 -1.35955]
[-0.29753 -0.18013  1.05921  1.01021 -0.17916 -1.3618 ]
[-0.34094 -0.18484  1.18231  0.07372  0.30685 -1.81408]
[-0.34178 -0.1857   1.19437  0.27347 -0.39728 -2.01748]
[-0.28947 -0.15093  1.1629   0.45288 -0.43541 -2.02082]
[-0.17726 -0.23267  1.16712  0.56602 -0.59193 -2.01445]
[-0.19858 -0.25399  1.24635  0.40031 -0.46978 -2.02972]
[-0.14501 -0.222    1.2233   0.01086  0.65239 -1.91296]
[-0.0848  -0.26503  1.26627  0.40329 -0.40249 -2.01937]
[-0.03887 -0.24264  1.23764  0.40397 -0.50269 -2.03196]
[-0.06247 -0.15452  1.09514  0.43193 -0.15209 -1.72434]
[-0.05953 -0.09078  0.97777  0.0439   0.49915 -1.67047]
[-0.05949 -0.09352  1.02301  0.11197 -0.32093 -1.86672]
[-0.05838 -0.10467  1.03295  0.38843 -0.76487 -1.49856]
[-0.08083 -0.1713   1.21619  0.23159 -0.43164 -1.12796]
