[-0.66082 -0.00275  0.80091 -0.19161 -1.27244 -2.31979]
[-0.63553 -0.12206  0.75516  0.41276 -1.44471 -2.27437]
[-0.67439  0.09333  0.78129 -0.0949  -1.2593  -2.54738]
[-0.62535  0.02188  0.77245  0.34878 -1.37915 -2.51849]
[-0.56937 -0.03497  0.59141  0.79304 -1.49526 -2.45707]
[-0.623   -0.06167  0.60049 -0.06431 -1.20121 -2.28963]
[-0.54765 -0.14187  0.55687  0.08052 -1.19124 -2.15741]
[-0.72889 -0.06367  0.68453 -0.55136 -1.011   -2.13304]
[-0.71736 -0.14089  0.71069  0.30297 -1.2256  -2.3075 ]
[-0.61151 -0.00719  0.81752  0.46572 -1.32045 -2.50537]
[-0.73352 -0.16874  0.63358 -0.31184 -1.20983 -2.00333]
[-0.6543  -0.27464  0.68397 -0.43212 -1.01382 -1.82232]
[-0.73819 -0.06223  0.6884  -0.1759  -1.1922  -2.2713 ]
[-0.69026  0.06085  0.78217  0.13318 -1.17176 -2.59219]
[-0.6736   0.1361   0.85177  0.21015 -1.08389 -2.75416]
[-0.77259  0.03734  0.73084 -0.16907 -0.99355 -2.51291]
[-0.73305 -0.08031  0.75343 -0.19451 -1.1225  -2.26163]
[-0.73302 -0.08029  0.75345 -0.19466 -1.12255 -2.26157]
