[-0.11651 -0.11284  0.82633  0.37492 -0.05556 -0.46635]
[-0.13365 -0.19143  0.96066  0.45065 -0.42184 -0.2695 ]
[-0.09993 -0.02733  0.75831  0.21497  0.05712 -0.25529]
[-0.14628 -0.08833  0.83743  0.32332 -0.277   -0.1127 ]
[-0.19935 -0.02814  1.0796   0.39246 -0.52892  0.05175]
[-0.15899 -0.03933  1.09714  0.28215 -0.08255 -0.48299]
[-0.23852 -0.07895  1.21687  0.36663 -0.23235 -0.56768]
[-0.04484 -0.07697  0.97084  0.32029  0.27539 -0.78776]
[-0.05124 -0.1798   1.02671  0.29831 -0.26011 -0.37649]
[-0.15923 -0.14232  0.81731  0.30164 -0.38111 -0.11302]
[-0.03945 -0.13438  1.11154 -0.25635  0.03039 -0.76613]
[-0.12176 -0.24869  1.18801 -0.07996  0.03075 -1.0716 ]
[-0.03383 -0.08816  0.95598 -0.24997  0.01647 -0.5289 ]
[-0.08076 -0.05841  0.78319  0.00529  0.01069 -0.20263]
[-0.09474 -0.04248  0.64816  0.01086  0.08064 -0.07011]
[ 0.00303 -0.03499  0.8036   0.25966  0.20749 -0.40028]
[-0.0392  -0.13961  0.89981  0.4324   0.00305 -0.57397]
[-0.03917 -0.14042  0.9038  -0.19922  0.0758  -0.56918]
